6 1
9 1
13 2
15 6
16 6
17 11
18 22
19 28
20 56
21 77
22 103
23 163
24 235
25 334
26 561
27 803
28 1154
29 1615
30 2186
31 2920
32 3995
33 5169
34 6696
35 8559
36 10656
37 13415
38 16072
39 19507
40 23096
41 26420
42 30424
43 33969
44 37899
45 41073
46 43898
47 46827
48 48387
49 49259
50 49687
51 49794
52 47710
53 46517
54 44141
55 40997
56 37294
57 33817
58 30312
59 26849
60 22620
61 19292
62 16353
63 13315
64 10990
65 8592
66 6751
67 5067
68 4021
69 2943
70 2158
71 1568
72 1139
73 786
74 601
75 405
76 251
77 153
78 104
79 64
80 42
81 25
82 15
83 7
84 8
85 2
86 1
87 3
88 1
